"Chronic_Truancy_Pct","One_Year_Dropout_Rate_Year_1_Pct","One_Year_Dropout_Rate_Year_2_Pct","Mobility_Rate_Pct","Average_Dropout_Rate_Pct"
46.7,NA,NA,8,NA
66.6,2.1,4.6,17.1,3.35
43.5,NA,NA,11.1,NA
44.6,NA,NA,12.2,NA
54.5,NA,NA,13.4,NA
14,NA,NA,4.2,NA
11.4,NA,NA,1.9,NA
23.3,NA,NA,5.5,NA
36.8,NA,NA,14.5,NA
26,NA,NA,5,NA
71.4,0.9,7.7,NA,4.3
53.9,NA,NA,20.1,NA
22.4,NA,NA,7.1,NA
80.3,6.7,4.8,20.6,5.75
29.4,NA,NA,12.2,NA
29.6,NA,NA,14.2,NA
40.6,NA,NA,26.4,NA
8.2,NA,NA,2,NA
7.1,NA,NA,6,NA
61.6,NA,NA,21.2,NA
55.8,NA,NA,21.8,NA
13,NA,NA,NA,NA
86.8,4.7,9.5,36.1,7.1
47.7,NA,NA,22.6,NA
54.8,NA,NA,12.5,NA
22.6,NA,NA,7.4,NA
70.7,3.7,2.6,27.9,3.15
32.6,NA,NA,5.9,NA
32.3,NA,NA,12.1,NA
26.7,NA,NA,9.8,NA
36.6,NA,NA,8.3,NA
32.5,NA,NA,7.5,NA
51.9,0.7,1.4,4.4,1.05
NA,26.1,34.8,NA,30.45
19,NA,NA,5.4,NA
14.5,NA,NA,2.8,NA
NA,NA,NA,NA,NA
58.7,NA,NA,24.9,NA
37.6,NA,NA,14.4,NA
51.1,NA,NA,20.2,NA
39.9,NA,NA,12.6,NA
44.4,NA,NA,7.5,NA
46.9,NA,NA,8.8,NA
NA,NA,NA,NA,NA
91.4,32.6,36,85.7,34.3
66.8,NA,NA,30.2,NA
36.7,NA,NA,7.9,NA
39.8,NA,NA,7.6,NA
55.3,2.1,3,11.4,2.55
83.6,2.9,5.7,19.5,4.3
60.8,0.1,0.9,6.3,0.5
39.8,NA,NA,4,NA
52.8,NA,NA,17.6,NA
57.3,NA,NA,18.1,NA
46.5,NA,NA,15.3,NA
44.9,NA,NA,8.4,NA
11.6,NA,NA,5.4,NA
32.3,NA,NA,20.4,NA
54.5,0.9,NA,3.8,NA
62.6,NA,NA,21.3,NA
41.8,NA,NA,11.8,NA
NA,20.8,21.9,NA,21.35
71.9,7.2,9,22.4,8.1
66,2.2,4,17.2,3.1
69.9,0.9,0.5,22.6,0.7
31,NA,NA,8.7,NA
37,NA,NA,NA,NA
48.9,NA,NA,21,NA
35.6,NA,NA,8.4,NA
74.4,3.4,3.3,16.6,3.35
36,NA,NA,12.6,NA
30.5,NA,NA,7.2,NA
50,NA,NA,11.9,NA
17.4,NA,NA,4,NA
41,NA,NA,7.5,NA
43.7,NA,NA,7.4,NA
30.1,NA,NA,11.5,NA
57.2,0.3,NA,10.6,NA
36.3,NA,NA,7.8,NA
29.3,NA,NA,7.1,NA
13.1,NA,NA,5.1,NA
32.6,NA,NA,5.6,NA
90.9,0.4,1.9,11.6,1.15
41.2,NA,NA,6.3,NA
51.2,NA,NA,13,NA
40.3,NA,NA,5.7,NA
58.6,3.9,0.7,8.9,2.3
94.9,19.1,40.1,89.9,29.6
17,NA,NA,3.7,NA
76,2.9,0.8,12.3,1.85
63.7,NA,NA,24.7,NA
42.8,NA,NA,10,NA
46.4,NA,NA,11.8,NA
31.3,NA,NA,11,NA
62.3,0.5,1.9,7.4,1.2
50.8,NA,NA,23.6,NA
37.6,NA,NA,13.4,NA
95.5,8.1,36.2,92.2,22.15
87.5,6.1,12.2,32.5,9.15
12.9,NA,NA,3.7,NA
81.9,27.7,37.2,58.3,32.45
20.7,NA,NA,4.8,NA
40,NA,NA,2.3,NA
75,4.1,7.8,19.1,5.95
11.6,NA,NA,2.2,NA
85.1,4.3,10.4,19.6,7.35
53.5,NA,NA,19.9,NA
33.4,NA,NA,3.3,NA
94,1.7,2.5,11.8,2.1
22.3,NA,NA,5.4,NA
60.3,1.1,0.6,8.8,0.85
54,NA,NA,11.1,NA
39.9,NA,NA,7.6,NA
73.8,0.2,0.2,12.7,0.2
33.3,NA,NA,9,NA
42,NA,NA,8.3,NA
30.8,NA,NA,8.7,NA
35.8,NA,NA,9.3,NA
23.5,NA,NA,2.8,NA
30.6,NA,NA,7.4,NA
45.1,NA,NA,11.6,NA
NA,23.7,50.5,NA,37.1
63.6,0.2,1,13.5,0.6
61.5,NA,NA,30.3,NA
8.4,NA,NA,NA,NA
39.5,NA,0.3,3.8,NA
29.5,NA,NA,5.6,NA
52.1,NA,NA,19.8,NA
32.7,NA,NA,6.2,NA
50.3,NA,NA,21.3,NA
NA,16.7,35.6,NA,26.15
45.8,NA,NA,13.1,NA
40.7,NA,NA,14.1,NA
76.7,3.8,7.1,13.4,5.45
NA,16.5,36.7,NA,26.6
25.9,NA,NA,9.1,NA
34.3,NA,NA,6.9,NA
62.3,NA,NA,10,NA
54.8,5.8,3.1,7.2,4.45
33,0.8,2,4.2,1.4
49.5,NA,NA,32.2,NA
13.6,NA,NA,4.9,NA
51.3,NA,NA,28.2,NA
41.1,NA,NA,17,NA
49,NA,NA,18.9,NA
NA,1.3,2.2,NA,1.75
69.6,4.9,11.2,14.7,8.05
41.6,NA,NA,7.6,NA
47.2,NA,NA,6.9,NA
32.9,NA,NA,7.3,NA
43.4,NA,NA,5.5,NA
29.1,NA,NA,10.3,NA
47.3,NA,NA,18.5,NA
48.6,NA,NA,19.8,NA
NA,NA,NA,NA,NA
15.5,NA,NA,NA,NA
62.3,3.7,5.7,11.2,4.7
29.4,NA,NA,13,NA
38.2,NA,NA,7.1,NA
41.2,NA,NA,19.3,NA
30.9,NA,NA,13.9,NA
47.8,NA,NA,13.2,NA
53.6,NA,NA,17.3,NA
29.8,NA,NA,14.9,NA
45.7,NA,NA,22.2,NA
74.7,12.1,15.7,35.2,13.9
51.9,NA,NA,21,NA
70.2,NA,NA,15.1,NA
29.8,0.1,0.4,NA,0.25
34.7,NA,NA,10.5,NA
19.9,NA,NA,3.9,NA
31.5,NA,NA,6.1,NA
50.6,1.3,1.5,6.3,1.4
37.5,NA,NA,25.2,NA
73.8,1.8,4.5,6.3,3.15
45.8,NA,NA,6,NA
44.6,NA,NA,11.8,NA
60.5,0.2,0.7,6.9,0.45
43.7,0.4,0.6,3.2,0.5
85.3,2.8,3.7,14.1,3.25
73.7,NA,NA,24.2,NA
29.5,NA,NA,7,NA
67.3,1.8,4.7,9.8,3.25
41.6,NA,NA,6.3,NA
41.2,NA,NA,6.3,NA
39,NA,NA,8.6,NA
43.5,NA,NA,12.9,NA
50.4,NA,NA,24.8,NA
65.4,0.7,1.5,11.5,1.1
45.9,NA,NA,6.4,NA
42.8,NA,NA,6.8,NA
43.3,NA,NA,4.3,NA
42,NA,NA,7.4,NA
58.3,NA,NA,12.5,NA
66.5,3.1,7,11.4,5.05
31.1,NA,NA,14.5,NA
76.9,1.2,6.8,26.3,4
38.1,NA,NA,5.4,NA
40.2,NA,NA,10.3,NA
48.4,1.5,0.7,2.3,1.1
28.1,NA,NA,6.8,NA
22.3,NA,NA,4.2,NA
54.5,0.3,1.8,6.5,1.05
17.7,NA,NA,2.8,NA
42.2,NA,NA,23.2,NA
30.6,NA,NA,8.8,NA
29.5,NA,NA,8.6,NA
NA,NA,NA,NA,NA
NA,NA,NA,NA,NA
50.7,NA,NA,11.4,NA
NA,NA,NA,NA,NA
35.7,NA,NA,10.3,NA
NA,20.7,23.3,NA,22
44.1,NA,NA,17.2,NA
36.7,NA,NA,7.1,NA
40.9,NA,NA,5.1,NA
25.3,NA,NA,6.3,NA
NA,NA,NA,NA,NA
59.4,NA,NA,18.6,NA
39.9,0.4,1,3.9,0.7
51.2,NA,NA,25.6,NA
43.8,NA,NA,19.8,NA
21.4,NA,NA,6.6,NA
29.1,NA,NA,2.2,NA
12.1,NA,NA,7.2,NA
27.8,NA,NA,7.2,NA
37.1,NA,NA,9.5,NA
83.8,5.2,13.5,37.3,9.35
66,1.6,2,12.3,1.8
11.8,NA,NA,4.2,NA
20.7,NA,NA,6.9,NA
57.1,NA,NA,22.5,NA
NA,2.4,6.1,NA,4.25
38.5,NA,NA,8.5,NA
40,NA,NA,11.1,NA
NA,22.9,52.7,NA,37.8
56.1,NA,NA,15.6,NA
63.6,NA,NA,18.6,NA
39.7,NA,NA,5.9,NA
51.7,NA,NA,6.8,NA
35.1,NA,NA,9,NA
10.9,NA,NA,2.9,NA
75.4,3.7,10.5,19.9,7.1
47.7,NA,NA,6.1,NA
13.4,NA,NA,3.6,NA
36.2,NA,NA,4.8,NA
28.5,NA,NA,13.2,NA
50.3,NA,NA,18.9,NA
89.5,3.5,2.4,16.1,2.95
91,7.1,45.5,85.3,26.3
34,NA,NA,7.3,NA
18.3,NA,NA,4.4,NA
36.3,NA,NA,7.2,NA
25.4,NA,NA,3.6,NA
46.2,NA,NA,8.7,NA
47.5,NA,NA,13.7,NA
37.2,NA,NA,7.5,NA
41.4,NA,NA,7.9,NA
11.7,NA,NA,5.3,NA
48.7,NA,NA,11.1,NA
31.6,NA,NA,9.3,NA
NA,NA,NA,NA,NA
53.8,0.3,0.5,2.8,0.4
50.9,NA,NA,22.1,NA
31.9,NA,NA,9.8,NA
28.2,NA,NA,7.2,NA
40.9,NA,NA,6.8,NA
70.8,2.5,5.1,25.9,3.8
29.3,NA,NA,10,NA
21.2,NA,NA,4.5,NA
27.6,NA,NA,12.6,NA
51.9,1.3,5.8,NA,3.55
48.9,NA,NA,11.8,NA
41.5,0.4,NA,7.8,NA
52.1,5.2,6.7,7.6,5.95
19.7,NA,NA,6.2,NA
40.6,NA,NA,5.8,NA
40.1,NA,NA,4.9,NA
32,NA,NA,9,NA
81.7,0.2,1.2,8.9,0.7
78.3,NA,NA,28.5,NA
56.6,NA,NA,7.7,NA
31.3,1.5,1.2,8.1,1.35
14.5,NA,NA,3.6,NA
57.7,NA,NA,25,NA
19.9,NA,NA,5.1,NA
64,NA,NA,16,NA
22.6,NA,NA,5,NA
26.2,NA,NA,NA,NA
74.3,9.7,6.9,32.4,8.3
26.7,NA,NA,24.9,NA
51.5,NA,NA,9.1,NA
60.5,1.5,2.8,11.6,2.15
49.8,NA,NA,5.4,NA
26.5,2,1.4,NA,1.7
9.4,NA,NA,NA,NA
66.5,15.4,34,82.9,24.7
74.6,3.8,1.6,20.9,2.7
NA,NA,NA,NA,NA
49.2,NA,NA,8.7,NA
42,NA,NA,5.4,NA
26.2,NA,NA,2.6,NA
58.3,3.8,2.8,9.4,3.3
37.9,NA,NA,13.6,NA
48.3,NA,NA,10.3,NA
19.4,NA,NA,3.8,NA
33.7,NA,NA,11.9,NA
57.6,NA,NA,4.4,NA
44.2,NA,NA,12.1,NA
97.9,19.4,37.2,84.4,28.3
NA,32.8,37.3,NA,35.05
41.2,NA,NA,8.9,NA
12.3,NA,NA,NA,NA
44.1,NA,NA,14.9,NA
37.7,3.3,0.6,3.5,1.95
64.9,NA,NA,23.9,NA
94.8,10.2,40.9,91.6,25.55
32.1,NA,NA,6.7,NA
32.9,NA,NA,6.7,NA
61.2,1,2.3,13.5,1.65
60.6,NA,NA,26.7,NA
42.3,NA,NA,13.5,NA
60.3,NA,NA,22.1,NA
51.8,NA,NA,6.5,NA
37.3,NA,NA,8.2,NA
59.9,NA,NA,14.5,NA
36.4,NA,NA,NA,NA
66.7,NA,NA,9.7,NA
10.9,NA,NA,5.7,NA
28.4,NA,NA,5.9,NA
43.3,0.1,1.9,3.2,1
NA,0.9,1,NA,0.95
55.9,NA,NA,22.3,NA
34,NA,NA,5.8,NA
53.8,NA,NA,14.4,NA
48.8,NA,NA,27.9,NA
90.5,3,42.6,90.1,22.8
47.4,NA,NA,20.1,NA
59.5,NA,NA,18.3,NA
NA,30.1,40.1,NA,35.1
47.2,2,6.2,5.6,4.1
45.6,NA,NA,11.5,NA
38.9,NA,NA,6.7,NA
57.2,NA,NA,16.3,NA
37.1,NA,NA,7,NA
66.6,3.7,3.4,11.7,3.55
52.6,NA,NA,9.1,NA
46.9,NA,NA,21.3,NA
42.6,NA,NA,9.1,NA
20.8,0.3,1.1,6.2,0.7
77.1,2.7,8.9,22.8,5.8
59.7,0.3,1.6,5.9,0.95
50.2,NA,NA,21.8,NA
26,NA,NA,5.4,NA
48.2,NA,NA,28.5,NA
39.2,9,17.8,81.2,13.4
55.1,NA,NA,16.8,NA
48.1,NA,NA,10.9,NA
41.2,NA,NA,6.9,NA
58,NA,NA,11.8,NA
46.6,NA,NA,9,NA
35.5,NA,NA,14.3,NA
35.1,2.3,3.2,14.1,2.75
46.8,NA,NA,14.4,NA
40.4,NA,0.2,6.6,NA
NA,NA,NA,12.5,NA
71.4,3.6,5.6,20.6,4.6
23.6,NA,NA,6.3,NA
36.4,NA,NA,18,NA
NA,NA,NA,NA,NA
95.3,21.8,42,80.4,31.9
40.7,1.4,1.2,4.4,1.3
40.7,NA,NA,19.5,NA
48.3,NA,NA,19.7,NA
52,NA,NA,20.9,NA
73,5.8,5.7,16.7,5.75
51.1,NA,NA,18.2,NA
59.9,2.4,2.8,13.1,2.6
62.6,0.6,0.5,8.7,0.55
NA,28.9,39,NA,33.95
31.3,NA,NA,6.5,NA
50.5,NA,NA,NA,NA
NA,NA,NA,NA,NA
42.8,NA,NA,18.2,NA
36.8,NA,NA,6.6,NA
84.2,3.8,12.1,35.4,7.95
69.8,2.2,1.9,18.2,2.05
33,NA,NA,NA,NA
16.1,NA,NA,NA,NA
54.6,NA,NA,18.5,NA
74.5,1.8,4,14.7,2.9
54.5,0.3,6.5,21.6,3.4
56.5,NA,NA,21.3,NA
38.3,NA,NA,21.9,NA
6,NA,NA,2.1,NA
46.2,NA,NA,15.4,NA
46.7,NA,NA,13.3,NA
41,NA,NA,12.4,NA
40.4,NA,NA,3.1,NA
24.8,0.9,1.4,16.1,1.15
NA,NA,1.8,NA,NA
51.4,NA,NA,25.4,NA
34,NA,NA,NA,NA
28.5,NA,NA,6,NA
23.1,NA,NA,4.8,NA
58.3,NA,NA,20.3,NA
21.2,NA,NA,5.6,NA
78.4,0.6,3.7,16.7,2.15
85.7,1.2,5.1,22.5,3.15
46.2,NA,NA,18.9,NA
18.7,1.9,0.9,1,1.4
68.9,NA,NA,19.2,NA
60.4,NA,NA,21.3,NA
31.8,NA,NA,6.8,NA
46.9,NA,NA,14.2,NA
16.7,NA,NA,18,NA
76,NA,NA,26.8,NA
55.5,NA,NA,18.7,NA
65.7,NA,NA,12.6,NA
52.2,NA,NA,9.2,NA
32.7,NA,NA,8.3,NA
80.1,4.2,5.6,18.7,4.9
56.5,NA,NA,16,NA
53.2,1.2,0.4,5.6,0.8
NA,NA,NA,NA,NA
16.3,NA,NA,3,NA
66.6,NA,NA,31.8,NA
30.6,NA,NA,9.4,NA
38.3,NA,0.7,11.9,NA
19.5,NA,NA,8.4,NA
12.5,NA,NA,2.7,NA
18.2,NA,NA,6,NA
62.2,NA,NA,16.2,NA
82.1,4.5,9,33.7,6.75
31.6,NA,NA,10.4,NA
46.6,NA,NA,6.2,NA
94.9,11.9,47.1,93.6,29.5
32.9,NA,NA,7.8,NA
36.8,NA,NA,10.3,NA
69.5,NA,4.9,10.2,NA
87.3,34.7,33,85.5,33.85
55,NA,NA,16.4,NA
30,NA,NA,4.3,NA
37.4,NA,NA,9.1,NA
48,NA,NA,10.1,NA
26.6,NA,NA,5.9,NA
18.1,NA,NA,6.8,NA
33.2,NA,NA,5.7,NA
36.7,NA,NA,4.4,NA
51.8,NA,NA,11.1,NA
42.5,NA,NA,13,NA
62.3,1.5,1.1,9.3,1.3
38.6,1.4,0.5,1.1,0.95
50.2,NA,NA,10.8,NA
86.9,11.8,34.4,91.8,23.1
NA,33.4,28.5,NA,30.95
54.1,NA,NA,26,NA
24.9,NA,NA,4.7,NA
33,NA,NA,4.6,NA
8.5,NA,NA,14.6,NA
38.4,NA,NA,6.5,NA
25.5,NA,NA,7.8,NA
12.7,NA,NA,NA,NA
13.9,NA,NA,6,NA
18.9,NA,NA,NA,NA
78.4,9.2,9.4,24.2,9.3
54.4,NA,NA,19,NA
41.3,NA,NA,5.4,NA
56.3,NA,NA,18.1,NA
43.6,NA,NA,13.9,NA
42.7,NA,NA,9.2,NA
71.5,NA,NA,21.2,NA
77.4,3.8,4.2,32.6,4
12.7,NA,NA,2.5,NA
61.8,NA,NA,15.2,NA
26.9,NA,NA,4.6,NA
25.4,NA,NA,7.6,NA
44.9,NA,NA,13.2,NA
40.6,NA,NA,5.9,NA
26.4,NA,NA,3.3,NA
41,NA,NA,7,NA
39.6,NA,NA,15.3,NA
79.2,13.3,26.2,75,19.75
NA,NA,NA,NA,NA
17.2,NA,NA,4.3,NA
64.8,1.2,2.1,9,1.65
54.5,NA,NA,11.9,NA
22.7,NA,NA,4.2,NA
50.7,NA,NA,20.3,NA
27,NA,NA,NA,NA
56.5,NA,NA,19.2,NA
32.4,NA,NA,3.9,NA
29.8,NA,NA,4.8,NA
45.2,1.4,4,13.6,2.7
33.2,NA,NA,5.9,NA
41.6,NA,NA,12.2,NA
37.3,NA,NA,28.1,NA
58,8.5,41.4,74.8,24.95
75.8,4.1,4.4,18.1,4.25
42.8,NA,NA,11.4,NA
60.6,1.8,4.9,11.2,3.35
40.2,NA,NA,21.6,NA
51.5,NA,NA,8,NA
45.2,NA,NA,8.4,NA
34.8,NA,NA,6.7,NA
51.6,NA,1.9,13.9,NA
83.4,2.1,1.6,12.4,1.85
63.1,NA,NA,23.7,NA
51.5,NA,NA,17.7,NA
54.4,NA,NA,13.7,NA
30.5,NA,NA,11,NA
70,NA,NA,24.7,NA
8.7,NA,NA,NA,NA
20.2,NA,NA,2.5,NA
19.3,NA,NA,7.1,NA
60.2,NA,NA,7.3,NA
22.8,NA,NA,5.2,NA
98.4,10.3,39.3,77.8,24.8
11.5,2.5,3.4,4.3,2.95
59.5,NA,NA,17.8,NA
65.9,2.2,4.9,14,3.55
37.2,NA,NA,6.8,NA
59.9,1.6,1.2,8.9,1.4
32.3,NA,NA,7.5,NA
26,NA,NA,7.6,NA
50.3,NA,NA,25.9,NA
40.6,1.5,1.2,3,1.35
29.5,NA,NA,5.9,NA
37.9,NA,NA,4.4,NA
44.7,NA,NA,12.4,NA
48.9,NA,NA,9.1,NA
42.4,NA,NA,19.6,NA
61.6,NA,NA,9.2,NA
14.3,NA,NA,18.9,NA
82.1,2.2,6.1,11.4,4.15
61.4,NA,NA,28.7,NA
44.5,NA,NA,14,NA
45.4,NA,NA,8.2,NA
33.1,NA,NA,10.4,NA
39.6,NA,NA,9.1,NA
21.1,NA,NA,8.4,NA
65.8,NA,NA,12.9,NA
59.1,NA,NA,26.3,NA
20.8,NA,NA,8.6,NA
44.6,NA,NA,10,NA
84.4,4.1,4.3,27.3,4.2
43.9,NA,NA,16.1,NA
27.3,NA,NA,15,NA
81.8,5.9,6.7,21.6,6.3
35.9,NA,NA,9.6,NA
35.2,NA,NA,9.3,NA
74.3,3.7,8.5,21.9,6.1
33,NA,NA,6.9,NA
32.2,NA,NA,8.2,NA
17.2,NA,NA,3.9,NA
60.5,NA,NA,20,NA
28.7,NA,NA,4.6,NA
7.7,NA,NA,3.1,NA
45.5,NA,NA,7.7,NA
70.5,1.6,2,17.8,1.8
36.5,NA,NA,10.5,NA
18.7,NA,NA,4,NA
58.1,NA,NA,18.7,NA
21.9,NA,NA,4.4,NA
41.4,NA,NA,17.5,NA
79.8,8.2,8.5,12.5,8.35
43.1,NA,NA,14.2,NA
30.4,NA,NA,11.9,NA
56.4,NA,NA,17.1,NA
48.4,NA,NA,6.9,NA
52.1,0.6,0.5,5.1,0.55
54.6,NA,NA,24.8,NA
24.1,NA,NA,18.6,NA
49.6,0.7,1.1,9.6,0.9
62.6,NA,NA,21.6,NA
50.8,NA,NA,22.5,NA
32,NA,NA,8.4,NA
36.5,NA,NA,19.5,NA
59.3,NA,NA,18.7,NA
42.1,0.8,1.5,1.6,1.15
31.5,NA,NA,8.9,NA
17,NA,NA,3.3,NA
31.6,NA,NA,6.1,NA
48,NA,NA,13,NA
91,5.3,21.2,74,13.25
66.2,4.3,2,5.1,3.15
NA,12.5,8.3,NA,10.4
33.5,2.3,1.5,4.4,1.9
55,NA,NA,8.9,NA
75.5,1.7,4,19.7,2.85
56.4,NA,NA,22.4,NA
47.9,1.2,1.6,3.8,1.4
33.5,NA,NA,11.2,NA
14.9,NA,NA,NA,NA
31.6,NA,NA,3.9,NA
43,NA,NA,25.3,NA
29.5,NA,NA,6.8,NA
39.9,NA,NA,7.6,NA
37.6,NA,NA,7.3,NA
NA,35.5,35.6,NA,35.55
48.1,NA,NA,32,NA
70.4,2.6,6.1,20.8,4.35
48.8,NA,NA,26,NA
23.6,NA,NA,4.3,NA
41.7,NA,NA,7.2,NA
80.2,3.8,3,12.6,3.4
61.6,6.9,2.9,22.1,4.9
93.5,1.3,38.3,69.2,19.8
49.1,2.9,3.6,9.2,3.25
78.6,NA,NA,22.9,NA
44.2,NA,NA,7.1,NA
46.7,NA,NA,15.8,NA
41.9,NA,NA,17,NA
44.4,NA,NA,12.2,NA
46.6,NA,NA,11.1,NA
41.2,NA,NA,13,NA
39.5,NA,NA,26.9,NA
59.3,NA,NA,21.4,NA
63.9,2.8,4.3,10.8,3.55
29,NA,NA,31,NA
5.5,NA,NA,NA,NA
46.8,NA,NA,17.4,NA
21.6,NA,NA,12.1,NA
40.8,NA,NA,7.6,NA
33,NA,NA,7,NA
45.5,NA,NA,10.6,NA
NA,NA,NA,NA,NA
29,0.4,0.5,2,0.45
19.4,NA,NA,3.9,NA
32.7,NA,NA,15.9,NA
NA,2.5,4.2,NA,3.35
64.1,NA,NA,21.7,NA
94.7,28.1,51.8,91.3,39.95
45.7,NA,NA,5.8,NA
25.9,NA,NA,8.5,NA
27.4,NA,NA,8.3,NA
36.7,NA,NA,11.4,NA
51.6,NA,NA,19,NA
24.1,NA,NA,4.4,NA
43.8,NA,NA,6.8,NA
28.1,NA,NA,7.7,NA
30.5,NA,NA,8.7,NA
68.6,2.3,3.1,8.7,2.7
26,0.6,0.4,1.7,0.5
45.9,NA,NA,10.6,NA
51,0.1,1,3.8,0.55
NA,20.9,36.6,NA,28.75
66.4,2.1,2.8,4.4,2.45
53.3,NA,NA,13.3,NA
49.7,1.1,1.7,3.1,1.4
